{
    "position" : "long",
    "window" : 60,
    "timeout" : 4320,
    "margin" : 360.834,
    "probab" : 0.00281354,
    "durat" : 3322.55,
    "adust" : 1.389104
}